hw err: 0.015432098765432098 non-zero coefficients: 35.2
(540, 77) (540,)
sample_result:
 [[-8.86279459e-02 -2.40033447e-01 -1.17575835e-01 ...  0.00000000e+00
   5.77678123e-16  2.39370811e-01]
 [-1.73405286e-01 -8.02258781e-02  4.02686846e-01 ... -1.91978922e-01
   5.77678123e-16  1.20095573e+00]
 [-6.99713846e-01 -6.32285621e-01 -2.36711583e-01 ... -1.16185404e+00
  -2.23708852e-01 -2.50677718e-01]
 ...
 [ 2.24263902e-01 -1.68363024e-01  1.14780679e+00 ... -6.44715570e-01
  -4.12437199e-01 -1.05128027e+00]
 [-5.42367861e-01 -4.14133473e-01  3.66405381e-01 ... -9.27307984e-01
   5.77678123e-16 -7.98559374e-01]
 [-1.78982933e-01 -8.02812382e-02  2.66176957e-01 ...  0.00000000e+00
   1.05229010e+00 -7.96928031e-01]]
sample_genes:
 [ True  True  True  True  True False False  True  True  True  True  True
 False  True  True  True  True False  True  True  True  True  True  True
  True  True False  True  True  True False  True  True  True  True  True
  True  True False False  True  True  True  True  True  True  True  True
  True  True False  True  True False  True  True  True  True  True  True
 False  True  True  True  True  True  True  True  True False False  True
 False  True False  True  True]
sample_scores:
 [0.00462962962962965, 0.00462962962962965, 0.0, 0.0, 0.0, 0.0, 0.0, 0.0, 0.0, 0.0, 0.0, 0.0, 0.0, 0.0, 0.0, 0.0, 0.0, 0.0, 0.0, 0.0, 0.0, 0.0, 0.0, 0.0, 0.0, 0.0, 0.0, 0.0, 0.0, 0.0, 0.0, 0.0, 0.0, 0.0, 0.0, 0.0, 0.0, 0.0, 0.0, 0.0, 0.0, 0.0, 0.0, 0.0, 0.0, 0.0, 0.0, 0.0, 0.0, 0.0, 0.0, 0.0, 0.0, 0.0, 0.0, 0.0, 0.0, 0.0, 0.0, 0.0, 0.0, 0.0, 0.0, 0.0, 0.0, 0.0, 0.0, 0.0, 0.0, 0.0, 0.0, 0.0, 0.0, 0.0, 0.0, 0.0, 0.0, 0.0, 0.0, 0.0, 0.0, 0.0, 0.0, 0.0, 0.0, 0.0, 0.0, 0.0, 0.0, 0.0, 0.0, 0.0, 0.0, 0.0, 0.0, 0.0, 0.0, 0.0, 0.0, 0.0, 0.0, 0.0, 0.0, 0.0, 0.0, 0.0, 0.0, 0.0, 0.0, 0.0, 0.0, 0.0, 0.0, 0.0, 0.0, 0.0, 0.0, 0.0, 0.0, 0.0, 0.0, 0.0, 0.0, 0.0, 0.0, 0.0, 0.0, 0.0, 0.0, 0.0, 0.0, 0.0, 0.0, 0.0, 0.0, 0.0, 0.0, 0.0, 0.0, 0.0, 0.0, 0.0, 0.0, 0.0, 0.0, 0.0, 0.0, 0.0, 0.0, 0.0, 0.0, 0.0, 0.0, 0.0, 0.0, 0.0, 0.0, 0.0, 0.0, 0.0, 0.0, 0.0, 0.0, 0.0, 0.0, 0.0, 0.0, 0.0, 0.0, 0.0, 0.0, 0.0, 0.0, 0.0, 0.0, 0.0, 0.0, 0.0, 0.0, 0.0, 0.0, 0.0, 0.0, 0.0, 0.0, 0.0, 0.0, 0.0, 0.0, 0.0, 0.0, 0.0, 0.0, 0.0, 0.0, 0.0, 0.0, 0.0, 0.0, 0.0, 0.0]
Error rate on Test data: 0.024691358024691357
Error rate on Training data: 0.0013227513227513227
