[0 1 2 3 4 5 6 7]
(540, 77) (540,)
sample_result:
 [[-4.48311301e-01  1.97904068e+00  1.56262156e+00 ...  4.23799793e-01
  -3.68466669e-01 -3.00704206e-01]
 [ 2.20874179e-02  5.80570975e-01 -2.29211806e-01 ...  6.96029286e-01
   4.19125358e-02 -2.04122123e-01]
 [-4.69585508e-01 -9.80148745e-01 -1.37034823e+00 ... -9.88375053e-01
   2.48416642e+00  5.81067916e-01]
 ...
 [ 1.32147869e+00 -2.21944810e-01  1.56079535e-01 ...  8.78790136e-02
   1.03460622e+00  1.17619243e+00]
 [-3.96742679e-02 -5.30321800e-01  5.06883445e-01 ... -6.67198633e-01
  -5.45552295e-01 -1.83708538e-03]
 [ 5.99984581e-01 -7.19200201e-01  4.12809251e-01 ...  1.42947327e+00
   1.27888844e+00  3.76264900e-01]]
sample_genes:
 [False False False False False  True False  True False False False False
 False False  True False False  True False False False False  True False
 False False False  True False  True False False False  True False False
  True False False  True False  True False False False False False False
 False  True False False False  True  True False False False False  True
  True False False False False  True False False False False False False
 False False False False False]
sample_scores:
 [441.1593730028444, 437.6593730028444, 436.6593730028444, 433.6593730028444, 432.1593730028444, 429.1593730028444, 427.6593730028444, 426.1593730028444, 425.6593730028444, 424.6593730028444, 423.6593730028444, 421.1593730028444, 421.1593730028444, 421.1593730028444, 420.1593730028444, 419.6593730028444, 419.6593730028444, 419.6593730028444, 419.1593730028444, 419.1593730028444, 419.1593730028444, 419.1593730028444, 419.1593730028444, 419.1593730028444, 419.1593730028444, 419.1593730028444, 419.1593730028444, 419.1593730028444, 419.1593730028444, 419.1593730028444, 419.1593730028444, 419.1593730028444, 419.1593730028444, 419.1593730028444, 419.1593730028444, 419.1593730028444, 419.1593730028444, 419.1593730028444, 419.1593730028444, 419.1593730028444, 419.1593730028444, 419.1593730028444, 419.1593730028444, 419.1593730028444, 419.1593730028444, 419.1593730028444, 419.1593730028444, 419.1593730028444, 419.1593730028444, 419.1593730028444, 419.1593730028444, 419.1593730028444, 419.1593730028444, 419.1593730028444, 419.1593730028444, 419.1593730028444, 419.1593730028444, 419.1593730028444, 419.1593730028444, 419.1593730028444, 419.1593730028444, 419.1593730028444, 419.1593730028444, 419.1593730028444, 419.1593730028444, 419.1593730028444, 419.1593730028444, 419.1593730028444, 419.1593730028444, 419.1593730028444, 419.1593730028444, 419.1593730028444, 419.1593730028444, 419.1593730028444, 419.1593730028444, 419.1593730028444, 419.1593730028444, 419.1593730028444, 419.1593730028444, 419.1593730028444, 419.1593730028444, 419.1593730028444, 419.1593730028444, 419.1593730028444, 419.1593730028444, 419.1593730028444, 419.1593730028444, 419.1593730028444, 419.1593730028444, 419.1593730028444, 419.1593730028444, 419.1593730028444, 419.1593730028444, 419.1593730028444, 419.1593730028444, 419.1593730028444, 419.1593730028444, 419.1593730028444, 419.1593730028444, 419.1593730028444, 419.1593730028444, 419.1593730028444, 419.1593730028444, 419.1593730028444, 419.1593730028444, 419.1593730028444, 419.1593730028444, 419.1593730028444, 419.1593730028444, 419.1593730028444, 419.1593730028444, 419.1593730028444, 419.1593730028444, 419.1593730028444, 419.1593730028444, 419.1593730028444, 419.1593730028444, 419.1593730028444, 419.1593730028444, 419.1593730028444, 419.1593730028444, 419.1593730028444, 419.1593730028444, 419.1593730028444, 419.1593730028444, 419.1593730028444, 419.1593730028444, 419.1593730028444, 419.1593730028444, 419.1593730028444, 419.1593730028444, 419.1593730028444, 419.1593730028444, 419.1593730028444, 419.1593730028444, 419.1593730028444, 419.1593730028444, 419.1593730028444, 419.1593730028444, 419.1593730028444, 419.1593730028444, 419.1593730028444, 419.1593730028444, 419.1593730028444, 419.1593730028444, 419.1593730028444, 419.1593730028444, 419.1593730028444, 419.1593730028444, 419.1593730028444, 419.1593730028444, 419.1593730028444, 419.1593730028444, 419.1593730028444, 419.1593730028444, 419.1593730028444, 419.1593730028444, 419.1593730028444, 419.1593730028444, 419.1593730028444, 419.1593730028444, 419.1593730028444, 419.1593730028444, 419.1593730028444, 419.1593730028444, 419.1593730028444, 419.1593730028444, 419.1593730028444, 419.1593730028444, 419.1593730028444, 419.1593730028444, 419.1593730028444, 419.1593730028444, 419.1593730028444, 419.1593730028444, 419.1593730028444, 419.1593730028444, 419.1593730028444, 419.1593730028444, 419.1593730028444, 419.1593730028444, 419.1593730028444, 419.1593730028444, 419.1593730028444, 419.1593730028444, 419.1593730028444, 419.1593730028444, 419.1593730028444, 419.1593730028444, 419.1593730028444, 419.1593730028444, 419.1593730028444, 419.1593730028444, 419.1593730028444, 419.1593730028444, 419.1593730028444, 419.1593730028444, 419.1593730028444, 419.1593730028444, 419.1593730028444, 419.1593730028444]
hw err: 0.009259259259259259 non-zero coefficients: 39.5
Error rate on Test data: 0.22530864197530864
Error rate on Training data: 0.164021164021164
