[0 0 0 0 0 0 0 0 0 0]
540 [1037  233  452  353   12  866  109   10  919  264]
(540, 77) (540,)
sample_result:
 [[ 0.46919811  2.52111961  1.96458231 ... -0.13564771  0.50159742
  -0.51433085]
 [-0.57901986 -1.08458362 -0.52734143 ...  0.57078035  1.11767834
  -0.76983916]
 [-0.12921679  1.51889659  2.50099512 ... -1.13631556 -0.74731646
  -0.57783268]
 ...
 [-0.29712211 -0.29341779  0.13793726 ... -0.73725266 -0.60324839
   2.49860837]
 [ 1.73812085  1.31909135  1.64481656 ...  0.09954572 -1.01235224
   0.92529395]
 [-1.13327258 -1.29724503 -1.14069834 ...  2.20322103  0.50031664
   0.07780493]]
sample_genes:
 [False  True  True  True False  True  True  True  True False False  True
  True  True  True  True  True  True False  True  True  True  True  True
  True  True False  True  True  True  True  True  True  True False  True
  True  True  True  True  True  True  True  True  True  True  True  True
  True  True False  True False  True  True  True False  True  True  True
  True  True  True  True  True  True  True  True  True  True  True  True
 False  True  True False  True]
sample_scores:
 [0.0, 0.0, 0.0, 0.0, 0.0, 0.0, 0.0, 0.0, 0.0, 0.0, 0.0, 0.0, 0.0, 0.0, 0.0, 0.0, 0.0, 0.0, 0.0, 0.0, 0.0, 0.0, 0.0, 0.0, 0.0, 0.0, 0.0, 0.0, 0.0, 0.0, 0.0, 0.0, 0.0, 0.0, 0.0, 0.0, 0.0, 0.0, 0.0, 0.0, 0.0, 0.0, 0.0, 0.0, 0.0, 0.0, 0.0, 0.0, 0.0, 0.0, 0.0, 0.0, 0.0, 0.0, 0.0, 0.0, 0.0, 0.0, 0.0, 0.0, 0.0, 0.0, 0.0, 0.0, 0.0, 0.0, 0.0, 0.0, 0.0, 0.0, 0.0, 0.0, 0.0, 0.0, 0.0, 0.0, 0.0, 0.0, 0.0, 0.0, 0.0, 0.0, 0.0, 0.0, 0.0, 0.0, 0.0, 0.0, 0.0, 0.0, 0.0, 0.0, 0.0, 0.0, 0.0, 0.0, 0.0, 0.0, 0.0, 0.0, 0.0, 0.0, 0.0, 0.0, 0.0, 0.0, 0.0, 0.0, 0.0, 0.0, 0.0, 0.0, 0.0, 0.0, 0.0, 0.0, 0.0, 0.0, 0.0, 0.0, 0.0, 0.0, 0.0, 0.0, 0.0, 0.0, 0.0, 0.0, 0.0, 0.0, 0.0, 0.0, 0.0, 0.0, 0.0, 0.0, 0.0, 0.0, 0.0, 0.0, 0.0, 0.0, 0.0, 0.0, 0.0, 0.0, 0.0, 0.0, 0.0, 0.0, 0.0, 0.0, 0.0, 0.0, 0.0, 0.0, 0.0, 0.0, 0.0, 0.0, 0.0, 0.0, 0.0, 0.0, 0.0, 0.0, 0.0, 0.0, 0.0, 0.0, 0.0, 0.0, 0.0, 0.0, 0.0, 0.0, 0.0, 0.0, 0.0, 0.0, 0.0, 0.0, 0.0, 0.0, 0.0, 0.0, 0.0, 0.0, 0.0, 0.0, 0.0, 0.0, 0.0, 0.0, 0.0, 0.0, 0.0, 0.0, 0.0, 0.0, 0.0]
