[0 0 0 0 0 0 0 0 0 0]
648 [1022 1046  819  873   68   76 1004  112  979  942]
(648, 77) (648,)
sample_result:
 [[ 2.84283285e-02  1.04764689e+00  1.41597761e+00 ... -7.65791965e-16
   3.43643245e-02 -8.31547003e-01]
 [-1.21797433e-01  2.28359427e+00  1.00620287e+00 ...  6.74809046e-01
   6.19893220e-01 -7.35146960e-01]
 [-2.14584550e-01 -1.40061928e-02 -4.69926978e-01 ... -7.65791965e-16
   1.26597564e+00 -7.73477776e-01]
 ...
 [ 3.48750638e-01  4.62146466e-01  1.32916560e+00 ... -1.22297507e+00
   5.77678123e-16 -1.16774050e+00]
 [-1.25821566e-01  7.42582179e-03  8.65577915e-01 ...  7.57272439e-01
   5.77678123e-16 -7.73923298e-01]
 [ 5.17933599e-01  2.25366890e+00  2.30436515e+00 ... -1.41662394e+00
  -1.60789061e+00  1.06590091e+00]]
sample_genes:
 [False  True  True False  True False  True  True  True  True  True False
  True False  True  True  True  True  True False  True  True  True  True
  True  True False False  True  True  True False  True  True  True  True
  True  True  True  True False  True  True  True False  True  True  True
  True False False  True  True  True  True  True  True  True False  True
  True  True  True False False  True  True  True False False  True False
  True  True  True  True  True]
sample_scores:
 [0.013888888888888888, 0.013888888888888888, 0.013888888888888888, 0.013888888888888888, 0.013888888888888888, 0.013888888888888888, 0.009259259259259259, 0.009259259259259259, 0.009259259259259259, 0.004629629629629629, 0.004629629629629629, 0.004629629629629629, 0.004629629629629629, 0.004629629629629629, 0.004629629629629629, 0.004629629629629629, 0.004629629629629629, 0.004629629629629629, 0.004629629629629629, 0.004629629629629629, 0.004629629629629629, 0.004629629629629629, 0.004629629629629629, 0.004629629629629629, 0.004629629629629629, 0.004629629629629629, 0.004629629629629629, 0.004629629629629629, 0.0, 0.0, 0.0, 0.0, 0.0, 0.0, 0.0, 0.0, 0.0, 0.0, 0.0, 0.0, 0.0, 0.0, 0.0, 0.0, 0.0, 0.0, 0.0, 0.0, 0.0, 0.0, 0.0, 0.0, 0.0, 0.0, 0.0, 0.0, 0.0, 0.0, 0.0, 0.0, 0.0, 0.0, 0.0, 0.0, 0.0, 0.0, 0.0, 0.0, 0.0, 0.0, 0.0, 0.0, 0.0, 0.0, 0.0, 0.0, 0.0, 0.0, 0.0, 0.0, 0.0, 0.0, 0.0, 0.0, 0.0, 0.0, 0.0, 0.0, 0.0, 0.0, 0.0, 0.0, 0.0, 0.0, 0.0, 0.0, 0.0, 0.0, 0.0, 0.0, 0.0, 0.0, 0.0, 0.0, 0.0, 0.0, 0.0, 0.0, 0.0, 0.0, 0.0, 0.0, 0.0, 0.0, 0.0, 0.0, 0.0, 0.0, 0.0, 0.0, 0.0, 0.0, 0.0, 0.0, 0.0, 0.0, 0.0, 0.0, 0.0, 0.0, 0.0, 0.0, 0.0, 0.0, 0.0, 0.0, 0.0, 0.0, 0.0, 0.0, 0.0, 0.0, 0.0, 0.0, 0.0, 0.0, 0.0, 0.0, 0.0, 0.0, 0.0, 0.0, 0.0, 0.0, 0.0, 0.0, 0.0, 0.0, 0.0, 0.0, 0.0, 0.0, 0.0, 0.0, 0.0, 0.0, 0.0, 0.0, 0.0, 0.0, 0.0, 0.0, 0.0, 0.0, 0.0, 0.0, 0.0, 0.0, 0.0, 0.0, 0.0, 0.0, 0.0, 0.0, 0.0, 0.0, 0.0, 0.0, 0.0, 0.0, 0.0, 0.0, 0.0, 0.0, 0.0, 0.0, 0.0, 0.0, 0.0, 0.0, 0.0]
